1790463386 701000
1790463387 633000
1790463388 762000
1790463390 701000
1790463391 762000
1790463392 848000
1790463393 633000
1790463394 701000
1790463396 572000
1790463397 762000
1790463398 633000
1790463399 633000
1790463400 848000
1790463402 701000
1790463403 762000
1790463404 701000
1790463405 633000
1790463406 633000
1790463408 762000
1790463409 633000
1790463410 701000
1790463411 701000
1790463412 572000
1790463414 633000
1790463415 572000
1790463416 701000
1790463417 762000
1790463418 762000
1790463420 633000
1790463421 762000
1790463422 762000
1790463424 848000
1790463425 701000
1790463426 701000
1790463428 762000
1790463429 701000
1790463430 633000
1790463431 701000
1790463432 848000
1790463434 762000
1790463435 701000
1790463436 762000
1790463437 762000
1790463439 701000
1790463440 701000
1790463441 762000
1790463442 633000
1790463443 762000
1790463445 701000
1790463446 701000
1790463447 701000
1790463448 762000
1790463449 762000
1790463451 762000
1790463452 701000
1790463453 633000
1790463454 633000
1790463455 633000
1790463457 633000
1790463458 701000
1790463459 701000
1790463461 848000
1790463462 633000
1790463464 701000
1790463465 762000
1790463466 633000
1790463467 848000
1790463468 762000
1790463470 701000
1790463471 701000
1790463472 848000
1790463473 848000
1790463475 762000
1790463476 762000
1790463477 701000
1790463478 701000
1790463480 701000
1790463481 701000
1790463482 848000
1790463483 633000
1790463484 701000
1790463486 633000
1790463487 633000
1790463488 633000
1790463489 633000
1790463491 701000
1790463492 701000
1790463493 701000
1790463494 701000
1790463495 701000
1790463497 633000
1790463499 701000
1790463500 848000
1790463501 701000
1790463502 701000
1790463503 633000
1790463505 633000
1790463506 848000
1790463507 633000
1790463508 701000
1790463510 701000
1790463511 701000
1790463512 762000
1790463513 848000
1790463514 701000
1790463516 762000
1790463517 762000
1790463518 762000
1790463519 701000
1790463521 701000
1790463522 762000
1790463523 701000
1790463524 572000
1790463526 762000
1790463527 762000
1790463528 762000
1790463529 701000
1790463530 762000
1790463532 848000
1790463533 633000
1790463534 848000
1790463536 633000
1790463537 633000
1790463538 633000
1790463540 633000
1790463541 762000
1790463542 633000
1790463543 848000
1790463545 762000
1790463546 701000
1790463547 762000
1790463548 848000
1790463549 633000
1790463551 701000
1790463552 762000
1790463553 701000
1790463554 762000
1790463555 762000
1790463557 701000
1790463558 701000
1790463559 762000
1790463560 701000
1790463562 701000
1790463563 701000
1790463564 633000
1790463565 633000
1790463566 848000
1790463568 633000
1790463569 701000
1790463570 633000
1790463571 701000
1790463573 848000
1790463574 701000
1790463576 762000
1790463577 701000
1790463578 848000
1790463579 701000
1790463580 701000
1790463582 633000
1790463583 633000
1790463584 701000
1790463585 633000
1790463587 633000
1790463588 701000
1790463589 701000
1790463590 762000
1790463591 848000
1790463593 762000
1790463594 633000
1790463595 701000
1790463596 701000
1790463597 701000
1790463599 848000
1790463600 762000
1790463601 762000
1790463602 701000
1790463603 701000
1790463605 701000
1790463606 701000
1790463607 762000
1790463608 762000
1790463610 762000
1790463612 701000
1790463613 633000
1790463614 701000
1790463615 633000
1790463616 633000
1790463618 633000
1790463619 633000
1790463620 633000
1790463621 633000
1790463623 633000
1790463624 633000
1790463625 633000
1790463626 633000
1790463628 633000
1790463629 633000
1790463630 633000
1790463631 633000
1790463633 633000
1790463634 572000
1790463635 633000
1790463636 572000
1790463638 762000
1790463639 572000
1790463640 633000
1790463641 633000
1790463643 633000
1790463644 701000
1790463645 848000
1790463646 701000
1790463648 633000
1790463649 701000
1790463651 633000
1790463652 701000
1790463653 633000
1790463654 633000
1790463655 762000
1790463657 762000
1790463658 848000
1790463659 633000
1790463660 633000
1790463661 762000
1790463663 762000
1790463664 848000
1790463665 762000
1790463666 701000
1790463667 762000
1790463669 701000
1790463670 762000
1790463671 633000
1790463672 762000
1790463673 762000
1790463675 701000
1790463676 848000
1790463677 762000
1790463678 701000
1790463679 701000
1790463680 701000
1790463682 701000
1790463683 572000
1790463685 633000
1790463686 633000
1790463687 633000
1790463689 701000
1790463690 848000
1790463691 633000
1790463692 701000
1790463693 633000
1790463695 633000
1790463696 762000
1790463697 701000
1790463698 633000
1790463700 762000
1790463701 848000
1790463702 701000
1790463703 701000
1790463704 701000
1790463706 701000
1790463707 762000
1790463708 701000
1790463709 848000
1790463710 848000
1790463712 701000
1790463713 701000
1790463714 701000
1790463715 762000
1790463716 701000
1790463718 633000
1790463719 762000
1790463720 701000
1790463722 633000
1790463723 572000
1790463725 701000
1790463726 701000
1790463727 633000
1790463728 848000
1790463729 701000
1790463730 762000
1790463732 848000
1790463733 633000
1790463734 701000
1790463735 762000
1790463737 633000
1790463738 848000
1790463739 701000
1790463740 701000
1790463741 848000
1790463743 633000
1790463744 633000
1790463745 633000
1790463746 701000
1790463747 633000
1790463749 633000
1790463750 701000
1790463751 701000
1790463752 633000
1790463753 701000
1790463755 701000
1790463756 762000
1790463757 762000
1790463759 762000
1790463760 762000
1790463761 633000
1790463763 633000
1790463764 762000
1790463765 633000
1790463766 701000
1790463768 633000
1790463769 762000
1790463770 762000
1790463771 633000
1790463773 633000
1790463774 762000
1790463775 701000
1790463776 701000
1790463777 848000
1790463778 701000
1790463780 701000
1790463781 762000
1790463782 701000
1790463783 848000
1790463784 633000
1790463786 633000
1790463787 633000
1790463788 633000
1790463789 701000
1790463790 633000
1790463792 762000
1790463793 762000
1790463794 701000
1790463796 762000
1790463797 701000
1790463798 633000
1790463800 701000
1790463801 701000
1790463802 848000
1790463803 701000
1790463804 701000
1790463806 701000
1790463807 701000
1790463808 701000
1790463809 848000
1790463810 762000
1790463812 762000
1790463813 633000
1790463814 762000
1790463815 701000
1790463816 701000
1790463818 633000
1790463819 701000
1790463820 762000
1790463821 762000
1790463822 633000
1790463824 701000
1790463825 701000
1790463826 762000
1790463827 701000
1790463828 701000
1790463830 762000
1790463831 633000
1790463833 701000
1790463834 762000
1790463835 633000
1790463836 848000
1790463838 848000
1790463839 633000
1790463840 848000
1790463841 762000
1790463843 701000
1790463844 701000
1790463845 633000
1790463846 848000
1790463847 633000
1790463849 701000
1790463850 762000
1790463851 701000
1790463852 633000
1790463853 848000
1790463855 701000
1790463856 633000
1790463857 762000
1790463858 701000
1790463860 762000
1790463861 762000
1790463862 762000
1790463863 762000
1790463864 848000
1790463866 701000
1790463867 633000
1790463868 633000
1790463870 848000
1790463871 633000
1790463872 848000
1790463874 762000
1790463875 701000
1790463876 633000
1790463877 633000
1790463878 701000
1790463880 848000
1790463881 762000
1790463882 633000
1790463883 762000
1790463884 633000
1790463886 572000
1790463887 633000
1790463888 633000
1790463889 701000
1790463890 762000
1790463892 701000
1790463893 701000
1790463894 701000
1790463895 701000
1790463896 633000
1790463898 633000
1790463899 701000
1790463900 762000
1790463901 762000
1790463902 762000
1790463904 701000
1790463905 701000
1790463907 701000
1790463908 701000
1790463909 762000
1790463910 762000
1790463911 701000
1790463913 701000
1790463914 633000
1790463915 762000
1790463916 701000
1790463918 701000
1790463919 762000
1790463920 701000
1790463921 633000
1790463922 848000
1790463924 633000
1790463925 762000
1790463926 762000
1790463927 633000
1790463928 701000
1790463930 701000
1790463931 848000
1790463932 701000
1790463933 701000
1790463934 762000
1790463936 701000
1790463937 762000
1790463938 701000
1790463939 633000
1790463940 633000
1790463942 633000
1790463944 848000
1790463945 848000
1790463946 762000
1790463947 633000
1790463948 701000
1790463950 701000
1790463951 762000
1790463952 633000
1790463953 633000
1790463954 701000
1790463956 701000
1790463957 848000
1790463958 701000
1790463959 701000
1790463960 701000
1790463962 848000
1790463963 633000
1790463964 848000
1790463965 762000
1790463966 701000
1790463968 762000
1790463969 633000
1790463970 633000
1790463971 633000
1790463972 762000
1790463974 633000
1790463975 572000
1790463976 633000
1790463977 633000
1790463979 701000
1790463980 701000
1790463982 848000
1790463983 762000
1790463984 633000
1790463985 633000
1790463986 701000
1790463987 848000
1790463989 701000
1790463990 633000
1790463991 633000
1790463992 701000
1790463993 701000
1790463995 762000
1790463996 701000
1790463997 633000
1790463998 762000
1790463999 701000
1790464001 701000
1790464002 633000
1790464003 633000
1790464004 633000
1790464006 572000
1790464007 633000
1790464008 633000
1790464009 633000
1790464010 701000
1790464012 633000
1790464013 633000
1790464014 633000
1790464015 848000
1790464017 633000
1790464019 572000
1790464020 633000
1790464021 510000
1790464022 633000
1790464023 701000
1790464025 572000
1790464026 633000
1790464027 633000
1790464028 701000
1790464030 633000
1790464031 633000
1790464032 633000
1790464033 762000
1790464034 633000
1790464036 633000
1790464037 633000
1790464038 848000
1790464039 633000
1790464040 848000
1790464042 762000
1790464043 572000
1790464044 633000
1790464045 572000
1790464046 762000
1790464047 633000
1790464049 848000
1790464050 633000
1790464051 701000
1790464052 701000
1790464054 762000
1790464055 633000
1790464056 633000
1790464058 848000
1790464059 848000
1790464060 701000
1790464061 848000
1790464062 762000
1790464064 701000
1790464065 848000
1790464066 762000
1790464067 701000
1790464068 848000
1790464070 762000
1790464071 701000
1790464072 701000
1790464073 762000
1790464074 633000
1790464076 762000
1790464077 848000
1790464078 848000
1790464079 848000
1790464080 701000
1790464082 701000
1790464083 701000
1790464084 701000
1790464085 633000
1790464086 701000
1790464088 633000
1790464089 633000
1790464091 848000
1790464092 848000
1790464093 762000
1790464094 848000
1790464096 701000
1790464097 701000
1790464098 633000
1790464099 762000
1790464100 701000
1790464102 701000
1790464103 633000
1790464104 762000
1790464105 848000
1790464106 633000
1790464108 633000
1790464109 701000
1790464110 701000
1790464111 701000
1790464113 848000
1790464114 762000
1790464115 701000
1790464116 762000
1790464117 633000
1790464119 701000
1790464120 701000
1790464121 701000
1790464122 633000
1790464123 762000
1790464125 633000
1790464126 633000
1790464128 701000
1790464129 701000
1790464130 762000
1790464132 633000
1790464133 633000
1790464134 633000
1790464135 762000
1790464136 762000
1790464138 762000
1790464139 848000
1790464140 762000
1790464141 701000
1790464142 701000
1790464144 633000
1790464145 701000
1790464146 762000
1790464147 701000
1790464148 848000
1790464150 701000
1790464151 848000
1790464152 701000
1790464153 701000
1790464155 762000
1790464156 848000
1790464157 633000
1790464158 633000
1790464159 848000
1790464161 701000
1790464162 762000
1790464163 762000
1790464165 848000
1790464166 701000
1790464167 762000
1790464169 762000
1790464170 762000
1790464171 701000
1790464172 848000
1790464173 762000
1790464174 633000
1790464176 701000
1790464177 633000
1790464178 701000
1790464179 633000
1790464180 701000
1790464182 701000
1790464183 848000
1790464184 633000
1790464185 633000
1790464187 633000
1790464188 701000
1790464189 701000
1790464190 633000
1790464192 633000
1790464193 848000
1790464194 762000
1790464195 701000
1790464196 762000
1790464197 633000
1790464199 848000
1790464200 701000
1790464202 633000
1790464203 762000
1790464204 701000
1790464206 701000
1790464207 701000
1790464208 701000
1790464209 701000
1790464210 701000
1790464211 701000
1790464213 701000
1790464214 633000
1790464215 848000
1790464216 701000
1790464217 701000
1790464219 701000
1790464220 701000
1790464221 633000
1790464222 633000
1790464224 701000
1790464225 848000
1790464226 633000
1790464227 762000
1790464228 633000
1790464230 633000
1790464231 633000
1790464232 848000
1790464233 701000
1790464234 633000
1790464236 848000
1790464237 701000
1790464239 848000
1790464240 633000
1790464241 633000
1790464242 633000
1790464244 701000
1790464245 701000
1790464246 762000
1790464247 762000
1790464248 762000
1790464250 762000
1790464251 762000
1790464252 848000
1790464253 701000
1790464254 633000
1790464256 701000
1790464257 848000
1790464258 701000
1790464259 762000
1790464260 762000
1790464262 701000
1790464263 762000
1790464264 848000
1790464265 701000
1790464267 762000
1790464268 762000
1790464269 701000
1790464270 762000
1790464271 762000
1790464273 633000
1790464274 848000
1790464276 633000
1790464277 633000
1790464278 701000
1790464279 762000
1790464281 848000
1790464282 633000
1790464283 762000
1790464284 762000
1790464286 701000
1790464287 762000
1790464288 701000
1790464289 633000
1790464290 848000
1790464292 848000
1790464293 762000
1790464294 633000
1790464295 848000
1790464297 633000
1790464298 701000
1790464299 762000
1790464300 762000
1790464301 633000
1790464303 633000
1790464304 701000
1790464305 762000
1790464306 633000
1790464307 701000
1790464309 701000
1790464310 633000
1790464311 762000
1790464313 701000
1790464314 633000
1790464316 701000
1790464317 701000
1790464318 701000
1790464319 633000
1790464320 701000
1790464322 633000
1790464323 701000
1790464324 701000
1790464325 701000
1790464327 701000
1790464328 701000
1790464329 701000
1790464330 701000
1790464331 762000
1790464333 762000
1790464334 762000
1790464335 762000
1790464336 848000
1790464337 633000
1790464339 633000
1790464340 633000
1790464341 701000
1790464342 633000
1790464343 633000
1790464345 848000
1790464346 633000
1790464347 572000
1790464348 633000
1790464350 701000
1790464351 762000
1790464353 633000
1790464354 633000
1790464355 701000
1790464356 848000
1790464357 701000
1790464359 633000
1790464360 848000
1790464361 848000
1790464362 633000
1790464364 762000
1790464365 701000
1790464366 701000
1790464367 762000
1790464368 701000
1790464370 848000
1790464371 762000
1790464372 762000
1790464373 572000
1790464374 701000
1790464376 633000
1790464377 633000
1790464378 701000
1790464379 762000
1790464380 762000
1790464382 762000
1790464383 762000
1790464384 633000
1790464385 701000
1790464387 701000
1790464388 848000
1790464390 701000
1790464391 701000
1790464392 633000
1790464393 633000
1790464394 572000
1790464396 762000
1790464397 633000
1790464398 701000
1790464399 633000
1790464401 633000
1790464402 633000
1790464403 633000
1790464404 572000
1790464406 633000
1790464407 633000
1790464408 572000
1790464409 572000
1790464411 633000
1790464412 572000
1790464413 510000
1790464414 633000
1790464415 633000
1790464417 633000
1790464418 633000
1790464419 633000
1790464420 848000
1790464422 572000
1790464423 701000
1790464425 633000
1790464426 633000
1790464427 633000
1790464429 633000
1790464430 633000
1790464431 762000
1790464432 701000
1790464433 633000
1790464435 572000
1790464436 701000
1790464437 633000
1790464438 572000
1790464439 848000
1790464441 633000
1790464442 633000
1790464443 762000
1790464444 572000
1790464445 701000
1790464447 633000
1790464448 633000
1790464449 848000
1790464450 762000
1790464451 701000
1790464453 762000
1790464454 762000
1790464455 762000
1790464456 848000
1790464457 762000
1790464459 701000
1790464460 762000
1790464462 701000
1790464463 701000
1790464464 701000
1790464465 701000
1790464467 762000
1790464468 633000
1790464469 633000
1790464470 701000
1790464471 633000
1790464473 633000
1790464474 633000
1790464475 701000
1790464476 633000
1790464477 701000
1790464479 848000
1790464480 762000
1790464481 848000
1790464482 762000
1790464483 701000
1790464485 633000
1790464486 701000
1790464487 701000
1790464488 701000
1790464489 701000
1790464491 633000
1790464492 762000
1790464493 701000
1790464494 848000
1790464496 633000
1790464497 633000
1790464499 762000
1790464500 848000
1790464501 633000
1790464502 701000
1790464503 633000
1790464505 633000
1790464506 762000
1790464507 701000
1790464508 701000
1790464509 848000
1790464511 633000
1790464512 762000
1790464513 848000
1790464514 701000
1790464515 633000
1790464517 633000
1790464518 762000
1790464519 633000
1790464520 762000
1790464521 572000
1790464523 633000
1790464524 848000
1790464525 633000
1790464526 633000
1790464528 762000
1790464529 701000
1790464530 848000
1790464531 701000
1790464532 762000
1790464534 633000
1790464536 701000
1790464537 762000
1790464538 762000
1790464539 762000
1790464540 701000
1790464542 701000
1790464543 701000
1790464544 633000
1790464545 701000
1790464547 762000
1790464548 701000
1790464549 762000
1790464550 701000
1790464551 762000
1790464553 762000
1790464554 848000
1790464555 701000
1790464556 701000
1790464557 762000
1790464559 762000
1790464560 848000
1790464561 762000
1790464562 633000
1790464563 572000
1790464565 633000
1790464566 701000
1790464567 848000
1790464568 633000
1790464569 848000
1790464570 762000
1790464572 633000
1790464574 701000
1790464575 633000
1790464576 633000
1790464577 848000
1790464579 762000
1790464580 633000
1790464581 701000
1790464582 701000
1790464583 762000
1790464585 762000
