1790467029 471000
1790467031 471000
1790467032 471000
1790467033 471000
1790467035 510000
1790467036 510000
1790467037 510000
1790467038 510000
1790467039 471000
1790467041 434000
1790467042 400000
1790467043 572000
1790467044 471000
1790467045 572000
1790467047 510000
1790467048 471000
1790467049 434000
1790467050 400000
1790467051 471000
1790467053 400000
1790467054 434000
1790467055 471000
1790467056 471000
1790467058 572000
1790467059 471000
1790467060 510000
1790467061 471000
1790467062 471000
1790467064 471000
1790467065 510000
1790467066 510000
1790467068 572000
1790467069 471000
1790467071 471000
1790467072 471000
1790467073 471000
1790467074 471000
1790467075 572000
1790467077 471000
1790467078 572000
1790467079 471000
1790467080 471000
1790467082 471000
1790467083 633000
1790467084 633000
1790467085 510000
1790467086 471000
1790467088 471000
1790467089 510000
1790467090 400000
1790467091 471000
1790467092 471000
1790467094 510000
1790467095 471000
1790467096 510000
1790467097 471000
1790467098 471000
1790467100 471000
1790467101 471000
1790467102 510000
1790467103 701000
1790467105 471000
1790467107 510000
1790467108 510000
1790467109 471000
1790467110 471000
1790467111 510000
1790467113 510000
1790467114 510000
1790467115 510000
1790467116 471000
1790467118 471000
1790467119 572000
1790467120 572000
1790467121 434000
1790467122 471000
1790467124 510000
1790467125 572000
1790467126 701000
1790467127 510000
1790467128 633000
1790467130 510000
1790467131 471000
1790467132 471000
1790467133 471000
1790467135 572000
1790467136 510000
1790467137 471000
1790467138 510000
1790467139 471000
1790467141 471000
1790467143 471000
1790467144 510000
1790467145 471000
1790467146 471000
1790467148 471000
