1790464977 471000
1790464979 434000
1790464980 434000
1790464981 471000
1790464982 510000
1790464983 510000
1790464984 572000
1790464986 701000
1790464987 471000
1790464988 471000
1790464989 434000
1790464991 510000
1790464992 471000
1790464993 471000
1790464994 510000
1790464995 471000
1790464997 434000
1790464998 434000
1790464999 434000
1790465000 400000
1790465002 434000
1790465003 471000
1790465004 471000
1790465005 471000
1790465006 510000
1790465008 510000
1790465009 471000
1790465010 510000
1790465011 471000
1790465013 471000
1790465014 510000
1790465016 510000
1790465017 510000
1790465018 633000
1790465020 633000
1790465021 701000
1790465022 572000
1790465023 510000
1790465025 510000
1790465026 510000
1790465027 471000
1790465028 510000
1790465030 510000
1790465031 510000
1790465032 471000
1790465033 471000
1790465034 633000
1790465036 471000
1790465037 510000
1790465038 471000
1790465039 572000
1790465041 510000
1790465042 471000
1790465043 510000
1790465044 633000
1790465046 471000
1790465047 633000
1790465048 510000
1790465049 510000
1790465050 510000
1790465052 471000
1790465054 510000
1790465055 510000
1790465056 471000
1790465057 510000
1790465058 471000
1790465060 471000
1790465061 633000
1790465062 471000
1790465063 471000
1790465065 471000
1790465066 510000
1790465067 510000
1790465068 471000
1790465070 510000
1790465071 471000
1790465072 510000
1790465073 471000
1790465074 471000
1790465076 471000
1790465077 471000
1790465078 471000
1790465079 471000
1790465081 510000
1790465082 510000
1790465083 510000
1790465084 510000
1790465085 471000
1790465087 510000
1790465088 510000
1790465089 510000
1790465091 434000
1790465092 510000
1790465093 471000
1790465095 471000
1790465096 510000
1790465097 471000
1790465098 471000
1790465100 510000
1790465101 510000
1790465102 510000
1790465103 471000
1790465104 471000
1790465106 471000
1790465107 510000
1790465108 510000
1790465109 471000
1790465111 572000
1790465112 510000
1790465113 633000
1790465114 510000
1790465115 434000
1790465117 471000
1790465118 510000
1790465119 471000
1790465120 471000
1790465122 471000
1790465123 471000
1790465124 471000
1790465125 434000
1790465126 510000
1790465128 471000
1790465130 471000
1790465131 510000
1790465132 471000
1790465133 471000
1790465134 471000
1790465136 471000
1790465137 471000
1790465138 510000
1790465139 471000
1790465140 471000
1790465142 471000
1790465143 434000
1790465144 572000
1790465145 471000
1790465146 510000
1790465148 510000
1790465149 471000
1790465150 510000
1790465151 471000
1790465153 471000
1790465154 471000
1790465155 510000
1790465156 471000
1790465157 510000
1790465159 471000
1790465160 471000
1790465161 471000
1790465162 471000
1790465163 510000
1790465165 471000
1790465167 510000
1790465168 471000
1790465169 471000
1790465170 510000
1790465171 471000
1790465173 471000
1790465174 471000
1790465175 572000
1790465176 471000
1790465178 471000
1790465179 510000
1790465180 510000
1790465181 572000
1790465182 510000
1790465184 510000
1790465185 510000
1790465186 471000
1790465187 471000
1790465189 471000
1790465190 572000
1790465191 471000
1790465192 471000
1790465193 471000
1790465195 471000
1790465196 471000
1790465197 510000
1790465198 510000
1790465200 510000
1790465201 471000
1790465203 471000
1790465204 434000
1790465205 471000
1790465206 434000
1790465208 434000
1790465209 434000
1790465210 434000
1790465211 434000
1790465213 471000
1790465214 471000
1790465215 434000
1790465216 434000
1790465217 471000
1790465219 434000
1790465220 471000
1790465221 471000
1790465222 471000
1790465224 471000
1790465225 471000
1790465226 434000
1790465227 572000
1790465229 434000
1790465230 471000
1790465231 471000
1790465232 471000
1790465233 471000
1790465235 471000
1790465236 471000
1790465237 471000
1790465238 510000
1790465240 633000
1790465242 510000
1790465243 471000
1790465244 471000
1790465245 471000
1790465246 510000
1790465248 471000
1790465249 510000
1790465250 471000
1790465251 471000
1790465252 510000
1790465254 471000
1790465255 471000
1790465256 510000
1790465257 471000
1790465258 510000
1790465260 510000
1790465261 471000
1790465262 434000
1790465263 510000
1790465265 510000
1790465266 510000
1790465267 471000
1790465268 510000
1790465269 572000
1790465271 510000
1790465272 510000
1790465273 471000
1790465274 510000
1790465275 510000
1790465277 572000
1790465279 510000
1790465280 510000
1790465281 471000
1790465282 471000
1790465284 471000
1790465285 471000
1790465286 510000
1790465287 510000
1790465288 510000
1790465290 510000
1790465291 510000
1790465292 471000
1790465293 510000
1790465294 510000
1790465296 471000
1790465297 471000
1790465298 471000
1790465299 471000
1790465300 471000
1790465302 471000
1790465303 471000
1790465304 471000
1790465305 471000
1790465306 510000
1790465308 572000
1790465309 471000
1790465310 471000
1790465311 510000
1790465313 471000
1790465315 471000
1790465316 510000
1790465317 471000
1790465318 572000
1790465320 510000
1790465321 510000
1790465322 471000
1790465323 471000
1790465324 471000
1790465326 471000
1790465327 471000
1790465328 471000
1790465329 471000
1790465331 471000
1790465332 510000
1790465333 510000
1790465334 471000
1790465335 471000
1790465337 572000
1790465338 471000
1790465339 471000
1790465340 510000
1790465342 471000
1790465343 510000
1790465344 510000
1790465345 510000
1790465346 471000
1790465348 510000
1790465349 572000
1790465350 633000
1790465352 471000
1790465353 510000
1790465354 510000
1790465356 471000
1790465357 471000
1790465358 471000
1790465359 510000
1790465361 510000
1790465362 633000
1790465363 510000
1790465364 572000
1790465365 471000
1790465367 510000
1790465368 471000
1790465369 471000
1790465370 633000
1790465371 510000
1790465373 510000
1790465374 510000
1790465375 471000
1790465376 471000
1790465378 434000
1790465379 471000
1790465380 510000
1790465381 510000
1790465382 510000
1790465384 471000
1790465385 471000
1790465386 434000
1790465387 434000
1790465389 434000
1790465391 471000
1790465392 434000
1790465393 471000
1790465394 471000
1790465395 510000
1790465397 471000
1790465398 848000
1790465399 471000
1790465400 471000
1790465401 471000
1790465403 510000
1790465404 471000
1790465405 510000
1790465406 510000
1790465408 471000
1790465409 510000
1790465410 633000
1790465411 471000
1790465412 510000
1790465414 510000
1790465415 471000
1790465416 471000
1790465417 510000
1790465419 510000
1790465420 471000
1790465421 471000
1790465422 471000
1790465423 510000
1790465425 434000
1790465427 510000
1790465428 633000
1790465429 510000
1790465430 471000
1790465431 510000
1790465433 471000
1790465434 471000
1790465435 471000
1790465436 471000
1790465437 471000
1790465439 471000
1790465440 471000
1790465441 510000
1790465442 510000
1790465443 510000
1790465445 471000
1790465446 510000
1790465447 510000
1790465448 510000
1790465450 471000
1790465451 471000
1790465452 510000
1790465453 471000
1790465454 510000
1790465456 510000
1790465457 572000
1790465458 471000
1790465459 471000
1790465460 510000
1790465462 471000
1790465464 471000
1790465465 510000
1790465466 471000
1790465467 471000
1790465468 471000
1790465470 471000
1790465471 471000
1790465472 471000
1790465473 510000
1790465475 510000
1790465476 471000
1790465477 471000
1790465478 471000
1790465479 471000
1790465481 471000
1790465482 471000
1790465483 471000
1790465484 471000
1790465485 471000
1790465487 471000
1790465488 510000
1790465489 471000
1790465490 572000
1790465492 471000
1790465493 471000
1790465494 471000
1790465495 633000
1790465497 510000
1790465498 633000
1790465499 510000
1790465501 510000
1790465502 471000
1790465503 471000
1790465504 471000
1790465506 572000
1790465507 510000
1790465508 510000
1790465509 510000
1790465511 510000
1790465512 471000
1790465513 471000
1790465514 471000
1790465515 633000
1790465517 471000
1790465518 471000
1790465519 471000
1790465520 471000
1790465521 471000
1790465523 471000
1790465524 471000
1790465525 471000
1790465526 471000
1790465528 471000
1790465529 471000
1790465530 434000
1790465531 471000
1790465532 471000
1790465534 633000
1790465535 633000
1790465536 471000
1790465538 434000
1790465539 510000
1790465541 633000
1790465542 471000
1790465543 471000
1790465544 633000
1790465545 572000
1790465547 434000
1790465548 510000
1790465549 471000
1790465550 471000
1790465552 434000
1790465553 510000
1790465554 471000
1790465555 471000
1790465556 510000
1790465558 434000
1790465559 471000
1790465560 633000
1790465561 471000
1790465563 471000
1790465564 471000
1790465565 471000
1790465566 471000
1790465567 471000
1790465569 510000
1790465570 510000
1790465571 510000
1790465572 510000
1790465573 471000
1790465575 471000
1790465577 510000
1790465578 510000
1790465579 471000
1790465580 434000
1790465581 434000
1790465582 434000
1790465584 510000
1790465585 471000
1790465586 471000
1790465587 471000
1790465588 633000
1790465590 471000
1790465591 471000
1790465592 471000
1790465593 434000
1790465595 471000
1790465596 471000
1790465597 471000
1790465598 434000
1790465600 471000
1790465601 434000
1790465602 471000
1790465603 434000
1790465604 471000
1790465606 471000
1790465607 471000
1790465608 471000
1790465609 471000
1790465611 471000
1790465613 471000
1790465614 471000
1790465615 471000
1790465616 471000
1790465617 471000
1790465619 434000
1790465620 471000
1790465621 471000
1790465622 633000
1790465623 510000
1790465625 510000
1790465626 633000
1790465627 471000
1790465628 510000
1790465629 510000
1790465631 471000
1790465632 471000
1790465633 471000
1790465634 471000
1790465636 471000
1790465637 471000
1790465638 471000
1790465639 434000
1790465640 434000
1790465642 434000
1790465643 471000
1790465644 510000
1790465645 471000
1790465647 510000
1790465648 633000
1790465650 510000
1790465651 471000
1790465652 510000
1790465653 510000
1790465655 510000
1790465656 471000
1790465657 510000
1790465658 510000
1790465659 510000
1790465661 471000
1790465662 471000
1790465663 510000
1790465664 471000
1790465665 471000
1790465667 471000
1790465668 471000
1790465669 471000
1790465670 510000
1790465672 510000
1790465673 510000
1790465674 471000
1790465675 471000
1790465676 510000
1790465678 471000
1790465679 633000
1790465680 701000
1790465681 471000
1790465683 510000
1790465684 471000
1790465685 471000
1790465687 633000
1790465688 510000
1790465690 510000
1790465691 471000
1790465692 510000
1790465693 471000
1790465694 510000
1790465696 510000
1790465697 510000
1790465698 471000
1790465699 510000
1790465701 471000
1790465702 471000
1790465703 471000
1790465704 471000
1790465705 471000
1790465707 471000
1790465708 572000
1790465709 510000
1790465710 510000
1790465711 471000
1790465713 471000
1790465714 471000
1790465715 510000
1790465716 471000
1790465717 572000
1790465718 471000
1790465720 471000
1790465721 471000
1790465722 510000
1790465724 434000
1790465725 471000
1790465726 471000
1790465728 510000
1790465729 471000
1790465730 572000
1790465731 510000
1790465732 701000
1790465734 471000
1790465735 471000
1790465736 471000
1790465737 510000
1790465739 510000
1790465740 471000
1790465741 471000
1790465742 471000
1790465743 572000
1790465745 471000
1790465746 471000
1790465747 471000
1790465748 510000
1790465750 471000
1790465751 471000
1790465752 471000
1790465753 471000
1790465754 471000
1790465756 510000
1790465757 471000
1790465758 572000
1790465759 572000
1790465761 510000
1790465762 572000
1790465764 471000
1790465765 471000
1790465766 510000
1790465767 434000
1790465769 572000
1790465770 471000
1790465771 471000
1790465772 510000
1790465774 434000
1790465775 434000
1790465776 434000
1790465777 471000
1790465778 400000
1790465780 434000
1790465781 471000
1790465782 471000
1790465783 471000
1790465785 510000
1790465786 510000
1790465787 510000
1790465788 471000
1790465789 471000
1790465791 572000
1790465792 471000
1790465793 471000
1790465794 471000
1790465795 471000
1790465797 471000
1790465799 471000
1790465800 471000
1790465801 471000
1790465802 510000
1790465804 572000
1790465805 471000
1790465806 471000
1790465807 471000
1790465808 471000
1790465810 471000
1790465811 510000
1790465812 633000
1790465813 471000
1790465815 510000
1790465816 471000
1790465817 510000
1790465818 510000
1790465819 471000
1790465821 471000
1790465822 510000
1790465823 471000
1790465824 762000
1790465826 510000
1790465827 471000
1790465828 510000
1790465829 510000
1790465830 510000
1790465832 633000
1790465833 471000
1790465834 471000
1790465836 471000
1790465837 572000
1790465839 510000
1790465840 572000
1790465841 471000
1790465842 510000
1790465843 510000
1790465845 510000
1790465846 572000
1790465847 572000
1790465848 471000
1790465850 471000
1790465851 471000
1790465852 471000
1790465853 471000
1790465854 471000
1790465856 471000
1790465857 471000
1790465858 471000
1790465859 572000
1790465861 510000
1790465862 510000
1790465863 471000
1790465864 510000
1790465865 471000
1790465867 471000
1790465868 471000
1790465869 471000
1790465870 510000
1790465872 471000
1790465873 400000
1790465875 510000
1790465876 471000
1790465877 471000
1790465878 510000
1790465879 471000
1790465881 471000
1790465882 572000
1790465883 633000
1790465884 471000
1790465886 471000
1790465887 572000
1790465888 633000
1790465889 471000
1790465890 471000
1790465892 471000
1790465893 434000
1790465894 471000
1790465895 510000
1790465897 471000
1790465898 471000
1790465899 471000
1790465900 471000
1790465901 510000
1790465903 471000
1790465904 471000
1790465905 471000
1790465906 471000
1790465907 471000
1790465909 510000
1790465911 471000
1790465912 471000
1790465913 471000
1790465914 471000
1790465916 510000
1790465917 471000
1790465918 434000
1790465919 471000
1790465920 471000
1790465922 762000
1790465923 471000
1790465924 510000
1790465925 510000
1790465927 471000
1790465928 510000
1790465929 471000
1790465930 471000
1790465931 471000
1790465933 471000
1790465934 471000
1790465935 633000
1790465936 471000
1790465938 471000
1790465939 471000
1790465940 510000
1790465941 510000
1790465942 471000
1790465944 510000
1790465945 510000
1790465946 471000
1790465948 633000
1790465949 510000
1790465950 471000
1790465952 471000
1790465953 572000
1790465954 471000
1790465955 471000
1790465956 471000
1790465958 510000
1790465959 471000
1790465960 510000
1790465961 510000
1790465962 471000
1790465964 471000
1790465965 471000
1790465966 510000
1790465967 633000
1790465968 510000
1790465970 510000
1790465971 510000
1790465972 633000
1790465973 471000
1790465975 510000
1790465976 510000
1790465977 471000
1790465978 471000
1790465979 471000
1790465981 510000
1790465982 434000
1790465983 471000
1790465985 471000
1790465986 434000
1790465987 471000
1790465989 471000
1790465990 471000
1790465991 471000
1790465992 434000
1790465994 510000
1790465995 471000
1790465996 434000
1790465997 471000
1790465999 434000
1790466000 471000
1790466001 434000
1790466002 471000
1790466003 471000
1790466005 471000
1790466006 471000
1790466007 471000
1790466008 471000
1790466009 471000
1790466011 510000
1790466012 471000
1790466013 471000
1790466014 572000
1790466016 471000
1790466017 471000
1790466018 510000
1790466019 471000
1790466020 510000
1790466022 471000
1790466024 510000
1790466025 471000
1790466026 471000
1790466027 471000
1790466029 471000
1790466030 434000
1790466031 510000
1790466032 510000
1790466033 510000
1790466035 471000
1790466036 510000
1790466037 471000
1790466038 633000
1790466040 471000
1790466041 510000
1790466042 510000
1790466043 572000
1790466044 510000
1790466046 510000
1790466047 510000
1790466048 510000
1790466049 510000
1790466051 471000
1790466052 510000
1790466053 510000
1790466054 471000
1790466056 633000
1790466057 471000
1790466058 471000
1790466060 471000
1790466061 471000
1790466062 471000
1790466064 471000
1790466065 471000
1790466066 471000
1790466067 471000
1790466068 471000
1790466070 510000
1790466071 471000
1790466072 510000
1790466073 510000
1790466074 633000
1790466076 471000
1790466077 510000
1790466078 471000
1790466079 471000
1790466081 510000
1790466082 471000
1790466083 510000
1790466084 510000
1790466085 510000
1790466087 572000
1790466088 510000
1790466089 572000
1790466090 471000
1790466091 510000
1790466093 471000
1790466094 471000
1790466095 471000
1790466097 572000
1790466098 510000
1790466100 510000
1790466101 510000
1790466102 471000
1790466103 510000
1790466104 471000
1790466106 471000
1790466107 510000
1790466108 471000
1790466109 633000
1790466111 471000
1790466112 471000
1790466113 471000
1790466114 471000
1790466115 471000
1790466117 471000
1790466118 471000
1790466119 471000
1790466120 510000
1790466121 510000
1790466123 471000
1790466124 572000
1790466125 510000
1790466126 510000
1790466127 510000
1790466129 510000
1790466130 471000
1790466131 471000
1790466132 471000
1790466134 510000
1790466136 471000
1790466137 633000
1790466138 471000
1790466139 510000
1790466140 510000
1790466142 510000
1790466143 471000
1790466144 510000
1790466145 471000
1790466147 510000
1790466148 471000
1790466149 510000
1790466150 510000
1790466151 510000
1790466153 471000
1790466154 471000
1790466155 471000
1790466156 471000
1790466158 471000
1790466159 471000
1790466160 633000
1790466161 510000
1790466162 471000
1790466164 434000
1790466165 434000
1790466166 400000
1790466167 471000
1790466169 471000
1790466170 434000
1790466172 633000
1790466173 510000
1790466174 633000
1790466175 510000
