1790462451 510000
1790462452 471000
1790462454 471000
1790462455 471000
1790462456 510000
1790462457 510000
1790462458 510000
1790462460 510000
1790462461 434000
1790462462 471000
1790462463 434000
1790462464 510000
1790462466 471000
1790462467 471000
1790462468 471000
1790462469 434000
1790462470 471000
1790462472 434000
1790462473 434000
1790462474 400000
1790462475 572000
1790462477 471000
1790462478 471000
1790462479 471000
1790462480 471000
1790462481 471000
1790462482 471000
1790462484 471000
1790462485 434000
1790462486 471000
1790462487 510000
1790462489 471000
1790462490 510000
1790462491 510000
1790462493 510000
1790462494 471000
1790462495 471000
1790462496 471000
1790462497 471000
1790462499 471000
1790462500 510000
1790462501 471000
1790462502 471000
1790462503 633000
1790462505 471000
1790462506 510000
1790462507 510000
1790462508 471000
1790462509 434000
