1790507818 633000
1790507820 701000
1790507821 848000
1790507822 701000
1790507824 701000
1790507825 701000
1790507826 762000
1790507827 701000
1790507829 633000
1790507830 633000
1790507831 633000
1790507832 633000
1790507833 701000
1790507835 848000
1790507836 762000
1790507837 633000
1790507838 633000
1790507840 633000
1790507841 848000
1790507842 633000
1790507843 633000
1790507844 633000
1790507846 633000
1790507847 848000
1790507848 762000
1790507849 701000
1790507851 762000
1790507852 701000
1790507853 701000
1790507854 633000
1790507855 762000
1790507857 762000
1790507859 701000
1790507860 762000
1790507861 701000
1790507862 633000
1790507864 633000
1790507865 848000
1790507866 701000
1790507867 762000
1790507868 701000
1790507870 762000
1790507871 762000
1790507872 762000
1790507873 633000
1790507874 701000
1790507876 848000
1790507877 848000
1790507878 762000
1790507879 848000
1790507880 701000
1790507882 848000
1790507883 762000
1790507884 701000
1790507885 762000
1790507887 848000
1790507888 633000
1790507889 762000
1790507890 701000
1790507892 701000
1790507893 762000
1790507895 762000
1790507896 701000
1790507897 633000
1790507898 762000
1790507899 848000
1790507901 762000
1790507902 762000
1790507903 701000
1790507904 701000
1790507905 701000
1790507907 762000
1790507908 762000
1790507909 848000
1790507910 701000
1790507911 701000
1790507913 633000
1790507914 633000
1790507915 848000
1790507916 848000
1790507918 701000
1790507919 701000
1790507920 633000
1790507921 633000
1790507922 633000
1790507924 633000
1790507925 633000
1790507926 701000
1790507927 633000
1790507929 633000
1790507930 762000
1790507932 633000
1790507933 701000
1790507934 701000
1790507935 633000
1790507937 633000
1790507938 633000
1790507939 633000
1790507940 633000
1790507942 633000
1790507943 701000
1790507944 701000
1790507945 848000
1790507946 762000
1790507948 848000
1790507949 848000
1790507950 701000
1790507951 848000
1790507952 701000
1790507954 701000
1790507955 633000
1790507956 633000
1790507957 633000
1790507958 701000
1790507960 701000
1790507961 701000
1790507962 633000
1790507963 701000
1790507965 701000
1790507966 848000
1790507967 701000
1790507969 633000
1790507970 633000
1790507971 701000
1790507973 848000
1790507974 633000
1790507975 701000
1790507976 762000
1790507978 701000
1790507979 762000
1790507980 633000
1790507981 633000
1790507983 762000
1790507984 762000
1790507985 701000
1790507986 701000
1790507987 701000
1790507989 701000
1790507990 701000
1790507991 701000
1790507992 633000
1790507994 762000
1790507995 701000
1790507996 633000
1790507997 633000
1790507999 701000
1790508000 848000
1790508001 762000
1790508002 848000
1790508003 762000
1790508005 701000
1790508007 848000
1790508008 701000
1790508009 762000
1790508010 633000
1790508011 848000
1790508013 701000
1790508014 848000
1790508015 633000
1790508016 762000
1790508018 848000
1790508019 701000
1790508020 701000
1790508021 701000
1790508022 701000
1790508024 701000
1790508025 762000
1790508026 701000
1790508027 633000
1790508028 633000
1790508030 762000
1790508031 762000
1790508032 701000
1790508033 762000
1790508035 633000
1790508036 848000
1790508037 762000
1790508038 701000
1790508040 701000
1790508041 762000
1790508042 633000
1790508044 701000
1790508045 701000
1790508046 633000
1790508048 572000
1790508049 572000
1790508050 633000
1790508051 572000
1790508053 701000
1790508054 633000
1790508055 701000
1790508056 633000
1790508058 572000
1790508059 633000
1790508060 633000
1790508061 633000
1790508063 633000
1790508064 633000
1790508065 701000
1790508066 633000
1790508068 633000
1790508069 633000
1790508070 633000
1790508071 633000
1790508072 633000
1790508074 633000
1790508075 701000
1790508076 701000
1790508077 762000
1790508079 633000
1790508080 848000
1790508082 701000
1790508083 701000
1790508084 701000
1790508085 633000
1790508087 762000
1790508088 633000
1790508089 633000
1790508090 701000
1790508091 572000
1790508093 633000
1790508094 633000
1790508095 633000
1790508096 633000
1790508098 848000
1790508099 633000
1790508100 633000
1790508101 701000
1790508102 572000
1790508104 701000
1790508105 701000
1790508106 762000
1790508107 848000
1790508109 762000
1790508110 701000
1790508111 633000
1790508112 701000
1790508113 701000
1790508115 762000
1790508116 701000
1790508117 848000
1790508119 633000
1790508120 633000
1790508122 701000
1790508123 701000
1790508124 701000
1790508125 762000
1790508126 633000
1790508128 701000
1790508129 701000
1790508130 701000
1790508131 762000
1790508133 701000
1790508134 762000
1790508135 701000
1790508136 848000
1790508138 848000
1790508139 633000
1790508140 762000
1790508141 633000
1790508142 762000
1790508144 701000
1790508145 701000
1790508146 633000
1790508147 701000
1790508149 701000
1790508150 762000
1790508151 701000
1790508152 701000
1790508153 701000
1790508155 762000
1790508156 633000
1790508158 633000
1790508159 633000
1790508160 762000
1790508161 701000
1790508163 701000
1790508164 701000
1790508165 633000
1790508166 633000
1790508168 633000
1790508169 762000
1790508170 762000
1790508171 633000
1790508172 762000
1790508174 701000
1790508175 633000
1790508176 633000
1790508177 762000
1790508178 762000
1790508180 633000
1790508181 633000
1790508182 762000
1790508183 701000
1790508184 701000
1790508186 701000
1790508187 762000
1790508188 633000
1790508189 762000
1790508191 762000
1790508192 701000
1790508194 633000
1790508195 633000
1790508196 701000
1790508197 633000
1790508199 572000
1790508200 633000
1790508201 762000
1790508202 701000
1790508203 701000
1790508205 633000
1790508206 701000
1790508207 701000
1790508208 701000
1790508210 633000
1790508211 701000
1790508212 762000
1790508213 848000
1790508214 848000
1790508216 701000
1790508217 633000
1790508218 633000
1790508219 633000
1790508221 633000
1790508222 701000
1790508223 848000
1790508224 633000
1790508225 848000
1790508227 633000
1790508228 633000
1790508229 701000
1790508231 633000
1790508232 633000
1790508234 848000
1790508235 633000
1790508236 701000
1790508237 762000
1790508238 701000
1790508239 701000
1790508241 633000
1790508242 701000
1790508243 701000
1790508244 701000
1790508246 848000
1790508247 633000
1790508248 633000
1790508249 701000
1790508250 701000
1790508252 701000
1790508253 762000
1790508254 701000
1790508255 848000
1790508257 633000
1790508258 762000
1790508259 633000
1790508260 762000
1790508262 701000
1790508263 762000
1790508264 701000
1790508265 701000
1790508267 848000
1790508268 762000
1790508270 762000
1790508271 762000
1790508272 701000
1790508273 701000
1790508274 762000
1790508276 762000
1790508277 633000
1790508278 701000
1790508279 848000
1790508281 701000
1790508282 701000
1790508283 633000
1790508284 701000
1790508286 848000
1790508287 848000
1790508288 701000
1790508289 762000
1790508290 848000
1790508292 762000
1790508293 762000
1790508294 848000
1790508295 762000
1790508296 701000
1790508298 701000
1790508299 633000
1790508300 701000
1790508301 762000
1790508303 701000
1790508304 701000
1790508306 701000
1790508307 762000
1790508308 848000
1790508309 633000
1790508311 701000
1790508312 701000
1790508313 701000
1790508314 848000
1790508315 633000
1790508317 762000
1790508318 633000
1790508319 701000
1790508320 633000
1790508322 701000
1790508323 762000
1790508324 701000
1790508325 633000
1790508326 701000
1790508328 762000
1790508329 633000
1790508330 633000
1790508331 633000
1790508333 762000
1790508334 848000
1790508335 848000
1790508336 633000
1790508337 633000
1790508339 848000
1790508340 701000
1790508341 762000
1790508343 701000
1790508344 633000
1790508345 701000
1790508346 633000
1790508348 762000
1790508349 762000
1790508350 701000
1790508351 762000
1790508352 701000
1790508354 762000
1790508355 633000
1790508356 701000
1790508357 848000
1790508359 762000
1790508360 633000
1790508361 762000
1790508362 633000
1790508364 633000
1790508365 633000
1790508366 762000
1790508367 701000
1790508368 701000
1790508370 701000
1790508371 633000
1790508372 633000
1790508373 848000
1790508375 762000
1790508376 701000
1790508377 762000
1790508378 848000
1790508380 701000
1790508381 701000
1790508382 633000
1790508384 762000
1790508385 848000
1790508386 701000
1790508387 762000
1790508389 701000
1790508390 848000
1790508391 633000
1790508392 633000
1790508393 701000
1790508395 633000
1790508396 633000
1790508397 762000
1790508398 848000
1790508399 633000
1790508401 701000
1790508402 633000
1790508403 633000
1790508404 762000
1790508405 633000
1790508407 633000
1790508408 633000
1790508409 701000
1790508410 701000
1790508412 701000
1790508413 848000
1790508414 848000
1790508415 848000
1790508417 633000
1790508421 848000
1790508422 762000
1790508423 633000
1790508425 701000
1790508426 701000
1790508427 633000
1790508428 633000
1790508429 701000
1790508431 701000
1790508432 701000
1790508433 633000
1790508434 848000
1790508435 572000
1790508437 633000
1790508438 572000
1790508439 633000
1790508440 633000
1790508442 701000
1790508443 633000
1790508444 633000
1790508445 701000
1790508447 701000
1790508448 633000
1790508449 633000
1790508450 633000
1790508451 633000
1790508453 633000
1790508454 633000
1790508455 633000
1790508457 572000
1790508458 633000
1790508460 572000
1790508461 633000
1790508462 848000
1790508463 762000
1790508465 633000
1790508466 633000
1790508467 701000
1790508468 633000
1790508470 633000
1790508471 762000
1790508472 633000
1790508473 633000
1790508474 633000
1790508476 633000
1790508477 633000
1790508478 633000
1790508479 762000
1790508481 572000
1790508482 572000
1790508483 572000
1790508484 701000
1790508485 848000
1790508487 633000
1790508488 633000
1790508489 633000
1790508490 762000
1790508491 762000
1790508493 848000
1790508495 701000
1790508496 762000
1790508497 701000
1790508498 762000
1790508499 762000
1790508501 701000
1790508502 762000
1790508503 762000
1790508504 701000
1790508505 633000
1790508507 701000
1790508508 633000
1790508509 762000
1790508510 701000
1790508511 762000
1790508513 633000
1790508514 762000
1790508515 633000
1790508516 762000
1790508518 633000
1790508519 701000
1790508520 701000
1790508521 633000
1790508522 762000
1790508524 633000
1790508525 701000
1790508526 701000
1790508527 633000
1790508529 762000
1790508530 633000
1790508532 701000
1790508533 848000
1790508534 701000
1790508535 701000
1790508537 633000
1790508538 701000
1790508539 762000
1790508540 633000
1790508541 633000
1790508543 701000
1790508544 701000
1790508545 701000
1790508546 701000
1790508547 633000
1790508549 701000
1790508550 762000
1790508551 701000
1790508552 701000
1790508553 701000
1790508555 633000
1790508556 633000
1790508557 701000
1790508558 848000
1790508560 701000
1790508561 701000
1790508562 762000
1790508563 633000
1790508564 633000
1790508566 701000
1790508567 701000
1790508569 701000
1790508570 633000
1790508571 701000
1790508572 762000
1790508574 633000
1790508575 633000
1790508576 633000
1790508577 701000
1790508579 633000
1790508580 701000
1790508581 701000
1790508582 848000
1790508584 762000
1790508585 848000
1790508586 633000
1790508587 633000
1790508588 701000
1790508590 701000
1790508591 633000
1790508592 633000
1790508593 633000
1790508594 762000
1790508596 701000
1790508597 762000
1790508598 701000
1790508599 762000
1790508600 762000
1790508602 848000
1790508603 633000
1790508604 701000
1790508606 572000
1790508607 572000
1790508609 633000
1790508610 633000
1790508611 848000
1790508612 762000
1790508613 762000
1790508615 633000
1790508616 572000
1790508617 633000
1790508618 633000
1790508619 572000
1790508621 633000
1790508622 633000
1790508623 633000
1790508624 633000
1790508626 701000
1790508627 701000
1790508628 701000
1790508629 701000
1790508630 633000
1790508632 701000
1790508633 701000
1790508634 701000
1790508635 762000
1790508637 762000
1790508638 701000
1790508639 701000
1790508640 701000
1790508641 762000
1790508643 701000
1790508645 633000
1790508646 762000
1790508647 633000
1790508648 633000
1790508650 848000
1790508651 701000
1790508652 701000
1790508653 633000
1790508654 762000
1790508656 762000
1790508657 762000
1790508658 633000
1790508659 762000
1790508660 633000
1790508662 848000
1790508663 848000
1790508664 848000
1790508665 701000
1790508667 848000
1790508668 701000
1790508669 701000
1790508670 701000
1790508671 701000
1790508673 848000
1790508674 762000
1790508675 701000
1790508676 762000
1790508677 701000
1790508679 848000
1790508681 762000
1790508682 762000
1790508683 633000
1790508684 701000
1790508686 762000
1790508687 633000
1790508688 701000
1790508689 633000
1790508690 701000
1790508692 701000
1790508693 762000
1790508694 848000
1790508695 762000
1790508696 633000
1790508698 633000
1790508699 762000
1790508700 633000
1790508701 633000
1790508703 701000
1790508704 762000
1790508705 701000
1790508706 633000
1790508707 633000
1790508709 762000
1790508710 633000
1790508711 701000
1790508712 633000
1790508713 633000
1790508715 762000
1790508716 701000
1790508718 633000
1790508719 762000
1790508720 762000
1790508721 848000
1790508723 633000
1790508724 762000
1790508725 633000
1790508726 762000
1790508728 762000
1790508729 762000
1790508730 762000
1790508731 633000
1790508732 701000
1790508734 848000
1790508735 633000
1790508736 701000
1790508737 701000
1790508738 633000
1790508740 701000
1790508741 633000
1790508742 701000
1790508743 633000
1790508744 633000
1790508746 701000
1790508747 848000
1790508748 848000
1790508749 633000
1790508750 848000
1790508752 762000
1790508753 633000
1790508755 701000
1790508756 701000
1790508757 848000
1790508758 701000
1790508760 762000
1790508761 701000
1790508762 633000
1790508763 701000
1790508765 701000
1790508766 762000
1790508767 701000
1790508768 762000
1790508769 848000
1790508771 701000
1790508772 701000
1790508773 762000
1790508774 848000
1790508775 633000
1790508777 633000
1790508778 848000
1790508779 701000
1790508780 762000
1790508781 701000
1790508783 701000
1790508784 701000
1790508785 701000
1790508786 701000
1790508788 701000
1790508789 762000
1790508790 633000
1790508792 633000
1790508793 633000
1790508794 633000
1790508795 848000
1790508797 762000
1790508798 701000
1790508799 762000
1790508800 701000
1790508801 762000
1790508803 762000
1790508804 701000
1790508805 762000
1790508806 701000
1790508807 633000
1790508809 701000
1790508810 701000
1790508811 701000
1790508812 762000
1790508813 762000
1790508815 762000
1790508816 633000
1790508817 701000
1790508818 701000
1790508819 762000
1790508821 848000
1790508822 762000
1790508823 633000
1790508824 633000
1790508825 633000
1790508827 762000
1790508829 762000
1790508830 633000
1790508831 572000
1790508832 633000
1790508834 633000
1790508835 633000
1790508836 572000
1790508837 572000
1790508839 633000
1790508840 762000
1790508841 633000
1790508842 701000
1790508844 633000
1790508845 572000
1790508846 572000
1790508847 633000
1790508849 633000
1790508850 633000
1790508851 701000
1790508852 633000
1790508853 701000
1790508854 701000
1790508856 633000
1790508857 762000
1790508858 848000
1790508859 848000
1790508860 633000
1790508862 633000
1790508863 762000
1790508864 701000
1790508866 572000
1790508867 633000
1790508869 633000
1790508870 633000
1790508871 633000
1790508872 633000
1790508873 633000
1790508875 701000
1790508876 633000
1790508877 633000
1790508878 762000
1790508880 762000
1790508881 848000
1790508882 701000
1790508883 701000
1790508884 762000
1790508886 762000
1790508887 762000
1790508888 701000
1790508889 701000
1790508890 762000
1790508892 633000
1790508893 701000
1790508894 762000
1790508895 701000
1790508896 848000
1790508898 701000
1790508899 633000
1790508900 848000
1790508901 848000
1790508903 633000
1790508904 633000
1790508906 633000
1790508907 701000
1790508908 633000
1790508909 762000
1790508910 762000
1790508912 633000
1790508913 762000
1790508914 701000
1790508915 633000
1790508916 762000
1790508918 762000
1790508919 633000
1790508920 762000
1790508921 848000
1790508923 701000
1790508924 633000
1790508925 762000
1790508926 701000
1790508927 762000
1790508929 701000
1790508930 762000
1790508931 762000
1790508932 762000
1790508933 633000
1790508935 633000
1790508936 701000
1790508937 848000
1790508938 701000
1790508940 762000
1790508941 762000
1790508943 633000
1790508944 701000
1790508945 848000
1790508946 701000
1790508947 701000
1790508949 701000
1790508950 762000
1790508951 701000
1790508952 762000
1790508954 633000
1790508955 633000
1790508956 762000
1790508957 762000
1790508958 701000
1790508960 848000
1790508961 633000
1790508962 848000
1790508963 762000
1790508964 848000
1790508966 701000
1790508967 848000
1790508968 633000
1790508969 701000
1790508970 701000
1790508972 633000
1790508973 701000
1790508974 633000
1790508975 701000
1790508977 633000
1790508979 762000
1790508980 848000
1790508981 848000
1790508982 572000
1790508984 701000
1790508985 848000
1790508986 762000
1790508987 848000
1790508988 848000
1790508990 762000
1790508991 848000
1790508992 848000
1790508993 701000
1790508994 762000
1790508996 701000
1790508997 633000
1790508998 633000
1790508999 848000
1790509001 701000
1790509002 633000
1790509003 762000
1790509004 848000
1790509006 633000
1790509007 572000
1790509008 572000
1790509009 701000
1790509011 701000
1790509012 701000
1790509013 633000
1790509015 701000
1790509016 762000
1790509017 762000
