1790466455 701000
1790466457 510000
1790466458 510000
1790466459 633000
1790466460 762000
1790466462 701000
1790466463 701000
1790466464 633000
1790466465 633000
1790466466 510000
1790466467 510000
1790466469 701000
1790466470 633000
1790466471 701000
1790466472 701000
1790466474 701000
1790466475 572000
1790466476 510000
1790466477 510000
1790466478 510000
1790466480 633000
1790466481 633000
1790466482 633000
1790466483 633000
1790466485 701000
1790466486 701000
1790466487 701000
1790466488 701000
1790466489 572000
1790466491 572000
1790466492 762000
1790466494 701000
1790466495 633000
1790466496 633000
1790466497 701000
1790466499 633000
1790466500 633000
1790466501 633000
1790466502 701000
1790466503 633000
1790466505 848000
1790466506 633000
1790466507 701000
1790466508 762000
1790466510 701000
1790466511 701000
1790466512 572000
1790466513 633000
1790466514 701000
1790466516 701000
1790466517 701000
1790466518 762000
1790466519 701000
1790466521 633000
1790466522 633000
1790466523 633000
1790466524 633000
1790466525 633000
1790466527 633000
1790466528 572000
1790466529 633000
1790466531 633000
1790466532 701000
1790466533 762000
1790466535 701000
1790466536 762000
1790466537 701000
1790466538 633000
1790466539 701000
1790466541 633000
1790466542 701000
1790466543 701000
1790466544 633000
1790466546 633000
1790466547 701000
1790466548 633000
1790466549 633000
1790466550 633000
1790466552 633000
1790466553 633000
1790466554 633000
1790466555 701000
1790466556 633000
1790466558 633000
1790466559 633000
1790466560 572000
1790466561 633000
1790466563 633000
1790466564 633000
1790466565 762000
1790466566 633000
1790466568 572000
1790466569 633000
1790466571 633000
1790466572 701000
1790466573 633000
1790466574 701000
1790466575 633000
1790466577 572000
1790466578 633000
1790466579 701000
1790466580 701000
1790466581 633000
1790466583 633000
1790466584 633000
1790466585 701000
1790466586 762000
1790466588 701000
1790466589 701000
1790466590 762000
1790466591 701000
1790466592 701000
1790466594 572000
1790466595 633000
1790466596 848000
1790466597 572000
1790466598 762000
1790466600 701000
1790466601 633000
1790466602 762000
1790466603 701000
1790466605 633000
1790466606 633000
1790466608 633000
1790466609 701000
1790466610 848000
1790466611 762000
1790466612 701000
1790466613 701000
1790466615 701000
1790466616 701000
1790466617 701000
1790466618 701000
1790466620 633000
1790466621 633000
1790466622 701000
1790466623 633000
1790466624 701000
1790466626 633000
1790466627 633000
1790466628 633000
1790466629 633000
1790466630 701000
1790466632 572000
1790466633 633000
1790466634 633000
1790466635 633000
1790466637 633000
1790466638 510000
1790466639 633000
1790466640 633000
1790466642 701000
1790466643 633000
1790466645 572000
1790466646 848000
1790466647 701000
1790466648 633000
1790466649 572000
1790466651 633000
1790466652 633000
1790466653 633000
1790466654 633000
1790466656 633000
1790466657 633000
1790466658 701000
1790466659 762000
1790466661 701000
1790466662 701000
1790466663 701000
1790466664 701000
1790466666 701000
1790466667 633000
1790466668 701000
1790466669 701000
1790466670 701000
1790466672 701000
1790466673 701000
1790466674 762000
1790466675 701000
1790466677 701000
1790466678 633000
1790466680 701000
1790466681 701000
1790466682 572000
1790466683 633000
1790466685 572000
1790466686 510000
1790466687 510000
1790466688 510000
1790466689 510000
1790466691 572000
1790466692 510000
1790466693 633000
1790466694 572000
1790466696 633000
1790466697 701000
1790466698 510000
1790466699 510000
1790466700 633000
1790466702 510000
1790466703 848000
1790466704 510000
1790466705 633000
1790466707 572000
1790466708 633000
1790466709 633000
1790466710 633000
1790466711 572000
1790466713 633000
1790466714 633000
1790466715 633000
1790466717 633000
1790466718 701000
1790466719 848000
1790466721 762000
1790466722 633000
1790466723 572000
1790466724 633000
1790466726 510000
1790466727 572000
1790466728 633000
1790466729 510000
1790466730 572000
1790466732 633000
1790466733 701000
1790466734 848000
1790466735 701000
1790466736 701000
1790466738 701000
1790466739 701000
1790466740 633000
1790466741 762000
1790466743 701000
1790466744 762000
1790466745 701000
1790466746 701000
1790466747 762000
1790466749 701000
1790466750 762000
1790466751 701000
1790466752 701000
1790466754 701000
