1790509160 701000
1790509162 701000
1790509163 701000
1790509165 701000
1790509166 762000
1790509167 762000
1790509168 762000
1790509169 701000
1790509171 572000
1790509172 572000
1790509173 701000
1790509174 762000
1790509176 848000
1790509177 701000
1790509178 762000
1790509179 633000
1790509180 572000
1790509182 572000
1790509183 572000
1790509184 572000
1790509185 633000
1790509186 572000
1790509188 633000
1790509189 701000
1790509190 633000
1790509191 701000
1790509193 701000
1790509194 848000
1790509195 633000
1790509196 633000
1790509197 762000
1790509199 701000
1790509200 633000
1790509202 701000
1790509203 633000
1790509204 633000
1790509205 701000
1790509207 701000
1790509208 701000
1790509209 633000
1790509210 633000
1790509211 762000
1790509213 701000
1790509214 633000
1790509215 633000
1790509216 633000
1790509217 762000
1790509219 701000
1790509220 701000
1790509221 762000
1790509222 633000
1790509223 762000
1790509225 701000
1790509226 848000
1790509227 762000
1790509228 633000
1790509230 762000
1790509231 633000
1790509232 848000
1790509233 701000
1790509234 701000
1790509236 633000
1790509238 701000
1790509239 633000
1790509240 633000
1790509241 701000
1790509242 701000
1790509244 762000
1790509245 701000
1790509246 701000
1790509247 701000
1790509249 701000
1790509250 633000
1790509251 701000
1790509252 701000
1790509253 848000
1790509255 701000
1790509256 762000
1790509257 701000
1790509258 701000
1790509259 762000
1790509261 762000
1790509262 633000
1790509263 701000
1790509264 701000
1790509265 848000
1790509267 701000
1790509268 701000
1790509269 701000
1790509270 762000
1790509272 633000
1790509273 633000
1790509275 848000
1790509276 848000
1790509277 633000
1790509278 633000
1790509279 701000
1790509281 701000
1790509282 633000
1790509283 701000
1790509284 848000
1790509286 701000
1790509287 633000
1790509288 633000
1790509289 633000
1790509290 762000
1790509292 762000
1790509293 848000
1790509294 762000
1790509295 848000
1790509296 633000
1790509298 701000
1790509299 633000
1790509300 633000
1790509301 762000
1790509303 701000
1790509304 762000
1790509305 701000
1790509306 701000
1790509308 762000
1790509309 633000
1790509311 762000
1790509312 701000
1790509313 762000
1790509314 633000
1790509315 848000
1790509317 848000
1790509318 701000
1790509319 762000
1790509320 762000
1790509321 762000
1790509323 633000
1790509324 848000
1790509325 633000
1790509326 633000
1790509327 701000
1790509329 701000
1790509330 701000
1790509331 848000
1790509332 762000
1790509334 848000
1790509335 633000
1790509336 701000
1790509337 848000
1790509338 701000
1790509340 633000
1790509341 633000
1790509342 701000
1790509343 633000
1790509344 633000
1790509346 701000
1790509348 701000
1790509349 701000
1790509350 701000
1790509351 701000
1790509352 762000
1790509354 762000
1790509355 633000
1790509356 701000
1790509357 701000
1790509359 633000
1790509360 633000
1790509361 701000
1790509362 633000
1790509364 762000
1790509365 762000
1790509366 848000
1790509367 762000
1790509368 762000
1790509370 701000
1790509371 633000
1790509372 762000
1790509373 633000
1790509374 762000
1790509376 701000
1790509377 848000
1790509378 701000
1790509379 762000
1790509381 633000
1790509382 762000
1790509383 762000
1790509385 701000
1790509386 701000
1790509387 572000
1790509389 572000
1790509390 633000
1790509391 633000
1790509392 572000
1790509394 762000
1790509395 572000
1790509396 633000
1790509397 848000
1790509399 633000
1790509400 701000
1790509401 572000
1790509402 572000
1790509404 633000
1790509405 633000
1790509406 701000
1790509407 633000
1790509409 572000
1790509410 633000
1790509411 848000
1790509412 572000
1790509414 701000
1790509415 633000
1790509416 701000
1790509417 701000
1790509418 633000
1790509420 572000
1790509421 848000
1790509423 633000
1790509424 701000
1790509425 701000
1790509426 633000
1790509428 762000
1790509429 572000
1790509430 633000
1790509431 633000
1790509432 762000
1790509434 762000
1790509435 510000
1790509436 633000
1790509437 633000
1790509439 633000
1790509440 633000
1790509441 633000
1790509442 633000
1790509444 701000
1790509445 848000
1790509446 848000
1790509447 701000
1790509448 762000
1790509450 701000
1790509451 762000
1790509452 701000
1790509453 762000
1790509454 848000
1790509456 701000
1790509457 572000
1790509458 701000
1790509460 848000
1790509461 762000
1790509462 762000
1790509464 701000
1790509465 633000
1790509466 701000
1790509467 701000
1790509468 848000
1790509470 633000
1790509471 633000
1790509472 762000
1790509473 633000
1790509475 701000
1790509476 633000
1790509477 762000
1790509478 701000
1790509480 633000
1790509481 633000
1790509482 762000
1790509483 848000
1790509484 848000
1790509486 762000
1790509487 633000
1790509488 762000
1790509489 848000
1790509490 848000
1790509492 701000
1790509493 633000
1790509494 701000
1790509495 762000
1790509497 701000
1790509499 633000
1790509500 762000
1790509501 633000
1790509502 762000
1790509503 701000
1790509505 701000
1790509506 633000
1790509507 572000
1790509508 762000
1790509510 762000
1790509511 701000
1790509512 762000
1790509513 848000
1790509514 762000
1790509516 633000
1790509517 633000
1790509518 762000
1790509519 572000
1790509521 701000
1790509522 762000
1790509523 633000
1790509524 701000
1790509525 633000
1790509527 701000
1790509528 762000
1790509529 701000
1790509530 701000
1790509532 762000
1790509533 701000
1790509535 762000
1790509536 633000
1790509537 701000
1790509538 762000
1790509539 701000
1790509541 633000
1790509542 633000
1790509543 762000
1790509544 633000
1790509545 701000
1790509547 762000
1790509548 701000
1790509549 633000
1790509550 701000
1790509551 762000
1790509553 701000
1790509554 762000
1790509555 848000
1790509556 701000
1790509557 701000
1790509559 701000
1790509560 762000
1790509561 633000
1790509562 701000
1790509564 633000
1790509565 701000
1790509566 762000
1790509567 762000
1790509568 633000
1790509570 633000
1790509572 633000
1790509573 848000
1790509574 572000
1790509575 762000
1790509576 633000
1790509577 633000
1790509579 701000
1790509580 701000
1790509581 762000
1790509582 762000
1790509583 633000
1790509585 848000
1790509586 701000
1790509587 633000
1790509588 848000
1790509589 633000
1790509591 701000
1790509592 633000
1790509593 633000
1790509594 762000
1790509595 762000
1790509597 762000
1790509598 633000
1790509599 701000
1790509600 848000
1790509602 701000
1790509603 848000
1790509604 762000
1790509605 633000
1790509606 633000
1790509608 701000
1790509610 762000
1790509611 848000
1790509612 762000
1790509613 701000
1790509614 633000
1790509616 701000
1790509617 762000
1790509618 762000
1790509619 701000
1790509621 762000
1790509622 762000
1790509623 701000
1790509624 762000
1790509625 762000
1790509627 633000
1790509628 633000
1790509629 633000
1790509630 633000
1790509632 701000
1790509633 701000
1790509634 701000
1790509635 848000
1790509636 633000
1790509638 762000
1790509639 701000
1790509640 633000
1790509641 633000
1790509643 572000
1790509644 848000
1790509646 701000
1790509647 701000
1790509648 633000
1790509649 633000
1790509651 633000
1790509652 701000
1790509653 762000
1790509654 762000
1790509655 701000
1790509657 762000
1790509658 701000
1790509659 633000
1790509660 633000
1790509662 701000
1790509663 762000
1790509664 633000
1790509665 633000
1790509667 633000
1790509668 762000
1790509669 633000
1790509670 633000
1790509671 633000
1790509673 701000
1790509674 762000
1790509675 701000
1790509676 633000
1790509677 762000
1790509679 701000
1790509680 633000
1790509681 701000
1790509683 701000
1790509684 633000
1790509685 848000
1790509686 762000
1790509688 633000
1790509689 762000
1790509690 762000
1790509691 762000
1790509692 701000
1790509694 701000
1790509695 701000
1790509696 762000
1790509697 633000
1790509699 701000
1790509700 848000
1790509701 633000
1790509702 633000
1790509704 572000
1790509705 633000
1790509706 762000
1790509707 848000
1790509709 701000
1790509710 701000
1790509711 701000
1790509712 701000
1790509713 701000
1790509715 633000
1790509716 762000
1790509717 762000
1790509718 762000
1790509720 762000
1790509721 633000
1790509723 848000
1790509724 701000
1790509725 701000
1790509726 762000
1790509727 633000
1790509728 701000
1790509730 701000
1790509731 701000
1790509732 701000
1790509733 848000
1790509734 701000
1790509736 762000
1790509737 762000
1790509738 848000
1790509739 762000
1790509740 762000
1790509741 633000
1790509743 701000
1790509744 633000
1790509745 701000
1790509746 633000
1790509748 633000
1790509749 701000
1790509750 701000
1790509751 848000
1790509753 701000
1790509754 762000
1790509755 762000
1790509757 762000
1790509758 762000
1790509759 633000
1790509761 633000
1790509763 701000
1790509764 762000
1790509765 701000
1790509766 701000
1790509767 701000
1790509769 762000
1790509770 762000
1790509771 762000
1790509772 633000
1790509773 633000
1790509774 701000
1790509776 762000
1790509777 633000
1790509778 633000
1790509779 633000
1790509780 701000
1790509782 633000
1790509783 633000
1790509784 633000
1790509785 572000
1790509787 701000
1790509788 762000
1790509789 633000
1790509790 572000
1790509791 633000
1790509793 848000
1790509795 701000
1790509796 572000
1790509797 633000
1790509798 633000
1790509800 633000
1790509801 572000
1790509802 633000
1790509803 762000
1790509804 633000
1790509805 633000
1790509807 701000
1790509808 848000
1790509809 572000
1790509810 633000
1790509811 633000
1790509813 762000
1790509814 762000
1790509815 701000
1790509816 633000
1790509817 762000
1790509819 633000
1790509820 633000
1790509821 633000
1790509822 572000
1790509823 633000
1790509825 762000
1790509826 633000
1790509827 762000
1790509828 701000
1790509830 633000
1790509831 701000
1790509833 848000
1790509834 848000
1790509835 633000
1790509836 762000
1790509837 633000
1790509839 701000
1790509840 701000
1790509841 701000
1790509842 762000
1790509843 848000
1790509845 701000
1790509846 633000
1790509847 762000
1790509848 701000
1790509849 633000
1790509851 701000
1790509852 633000
1790509853 633000
1790509854 633000
1790509856 633000
1790509857 633000
1790509858 633000
1790509859 701000
1790509861 762000
1790509862 633000
1790509863 701000
1790509864 633000
1790509865 701000
1790509867 701000
1790509869 701000
1790509870 701000
1790509871 848000
1790509872 701000
1790509873 762000
1790509875 762000
1790509876 762000
1790509877 701000
1790509878 762000
1790509879 701000
1790509881 762000
1790509882 633000
1790509883 848000
1790509884 762000
1790509886 701000
1790509887 633000
1790509888 762000
1790509889 701000
1790509890 701000
1790509892 701000
1790509893 848000
1790509894 633000
1790509895 762000
1790509896 572000
1790509898 701000
1790509899 848000
1790509900 701000
1790509901 762000
1790509903 633000
1790509904 701000
1790509906 762000
1790509907 633000
1790509908 701000
1790509909 633000
1790509911 701000
1790509912 633000
1790509913 762000
1790509914 701000
1790509915 701000
1790509917 762000
1790509918 848000
1790509919 701000
1790509920 701000
1790509922 701000
1790509923 701000
1790509924 762000
1790509925 701000
1790509927 701000
1790509928 848000
1790509929 848000
1790509930 848000
1790509931 633000
1790509933 701000
1790509934 701000
1790509935 848000
1790509936 701000
1790509937 633000
1790509939 762000
1790509940 633000
1790509941 762000
1790509943 762000
1790509944 762000
1790509945 848000
1790509947 701000
1790509948 572000
1790509949 633000
1790509950 633000
1790509952 701000
1790509953 701000
1790509954 633000
1790509955 762000
1790509956 633000
1790509958 633000
1790509959 701000
1790509960 701000
1790509961 572000
1790509963 848000
1790509964 762000
1790509965 633000
1790509966 701000
1790509967 701000
1790509969 762000
1790509970 701000
1790509971 848000
1790509972 701000
1790509973 762000
1790509975 701000
1790509976 701000
1790509977 633000
1790509978 701000
1790509980 762000
1790509981 762000
1790509982 848000
1790509984 701000
1790509985 762000
1790509986 762000
1790509987 701000
1790509988 701000
1790509990 848000
1790509991 701000
1790509992 848000
1790509993 848000
1790509994 701000
1790509996 762000
1790509997 701000
1790509998 848000
1790509999 701000
1790510000 762000
1790510002 848000
1790510003 701000
1790510004 701000
1790510005 762000
1790510007 633000
1790510008 762000
1790510009 633000
1790510010 848000
1790510011 701000
1790510013 762000
1790510014 848000
1790510015 701000
1790510017 762000
1790510018 701000
1790510019 762000
1790510021 701000
1790510022 701000
1790510023 701000
1790510024 762000
1790510026 633000
1790510027 701000
1790510028 701000
1790510029 701000
1790510030 701000
1790510032 633000
1790510033 848000
1790510034 701000
1790510035 762000
1790510037 633000
1790510038 633000
1790510039 701000
1790510040 633000
1790510041 633000
1790510043 633000
1790510044 701000
1790510045 572000
1790510046 633000
1790510047 633000
1790510049 701000
1790510050 762000
1790510051 762000
1790510052 701000
1790510054 762000
1790510055 633000
1790510057 633000
1790510058 701000
1790510059 762000
1790510060 633000
1790510061 762000
1790510063 701000
1790510064 848000
1790510065 633000
1790510066 762000
1790510068 633000
1790510069 762000
1790510070 762000
1790510071 762000
1790510072 572000
1790510074 701000
1790510075 762000
1790510076 633000
1790510077 701000
1790510078 848000
1790510080 762000
1790510081 762000
1790510082 848000
1790510083 848000
1790510084 633000
1790510086 633000
1790510087 848000
1790510088 633000
1790510089 848000
1790510091 701000
1790510092 633000
1790510094 701000
1790510095 848000
1790510096 848000
1790510097 762000
1790510098 701000
1790510100 762000
1790510101 701000
1790510102 701000
1790510103 633000
1790510105 701000
1790510106 762000
1790510107 701000
1790510108 762000
1790510110 701000
1790510111 633000
1790510112 633000
1790510113 701000
1790510115 701000
1790510116 762000
1790510117 701000
1790510118 701000
1790510119 633000
1790510121 701000
1790510122 848000
1790510123 701000
1790510124 701000
1790510126 848000
1790510127 633000
1790510129 762000
1790510130 633000
1790510131 701000
1790510132 633000
1790510134 848000
1790510135 633000
1790510136 633000
1790510137 701000
1790510138 701000
1790510140 848000
1790510141 701000
1790510142 701000
1790510143 701000
1790510145 762000
1790510146 633000
1790510147 848000
1790510148 848000
1790510149 701000
1790510151 633000
1790510152 848000
1790510153 701000
1790510154 762000
1790510155 701000
1790510157 633000
1790510158 701000
1790510159 701000
1790510160 762000
1790510161 701000
1790510163 701000
1790510164 701000
1790510166 633000
1790510167 633000
1790510168 633000
1790510170 572000
1790510171 633000
1790510172 762000
1790510173 572000
1790510174 633000
1790510176 701000
1790510177 762000
1790510178 633000
1790510179 633000
1790510181 572000
1790510182 701000
1790510183 762000
1790510184 633000
1790510186 633000
1790510187 572000
1790510188 701000
1790510189 633000
1790510191 633000
1790510192 701000
1790510193 633000
1790510194 633000
1790510195 848000
1790510197 701000
1790510198 701000
1790510199 701000
1790510200 633000
1790510201 762000
1790510203 633000
1790510204 633000
1790510206 848000
1790510207 633000
1790510208 633000
1790510209 848000
1790510210 848000
1790510212 762000
1790510213 701000
1790510214 633000
1790510215 633000
1790510217 762000
1790510218 633000
1790510219 762000
1790510220 848000
1790510221 701000
1790510223 701000
1790510224 633000
1790510225 848000
1790510226 762000
1790510227 762000
1790510229 848000
1790510230 762000
1790510231 701000
1790510232 701000
1790510233 701000
1790510235 848000
1790510236 848000
1790510237 762000
1790510238 701000
1790510240 701000
1790510241 848000
1790510242 701000
1790510244 701000
1790510245 701000
1790510246 633000
1790510247 848000
1790510248 848000
1790510250 701000
1790510251 633000
1790510252 762000
1790510253 848000
1790510254 701000
1790510256 701000
1790510257 848000
1790510258 762000
1790510259 633000
1790510260 701000
1790510262 762000
1790510263 701000
1790510264 701000
1790510265 633000
1790510266 633000
1790510268 762000
1790510269 701000
1790510270 762000
1790510271 762000
1790510272 633000
1790510274 633000
1790510275 701000
1790510277 762000
1790510278 762000
1790510279 633000
1790510280 848000
1790510282 762000
1790510283 762000
1790510284 762000
1790510285 848000
1790510286 762000
1790510288 701000
1790510289 762000
1790510290 701000
1790510291 701000
1790510292 701000
1790510294 762000
1790510295 701000
1790510296 848000
1790510297 633000
1790510298 701000
1790510300 762000
1790510301 633000
1790510302 762000
1790510303 848000
1790510304 633000
1790510306 701000
1790510307 701000
1790510308 848000
1790510309 762000
1790510310 701000
1790510312 701000
1790510314 633000
1790510315 633000
1790510316 701000
1790510317 701000
1790510319 633000
1790510320 633000
1790510321 762000
1790510322 762000
1790510323 848000
1790510325 633000
1790510326 701000
1790510327 848000
1790510328 701000
1790510330 701000
1790510331 701000
1790510332 701000
1790510333 762000
1790510334 848000
1790510336 762000
1790510337 633000
1790510338 572000
1790510339 633000
1790510341 762000
1790510342 701000
1790510343 848000
1790510344 848000
1790510345 633000
1790510346 633000
1790510348 633000
1790510349 633000
1790510351 633000
1790510352 701000
1790510353 633000
1790510355 848000
1790510356 701000
1790510357 701000
1790510358 762000
1790510359 848000
